-0.022434874995245675,-0.0170713136504292,1.2221280845102382,0.9999977847299572,0.0009925770412517925,0.001856158936028614,-0.0009903230691994925,0.9999987717043143,-0.0012148457028552913,-0.0018573624840699072,0.0012130048146295656,0.999997539408934
-0.03843345947982402,-0.04394364756808604,2.452398518421892,0.999992366624256,0.0019281881378144703,0.0033983501475747906,-0.001925719978669862,0.9999978797838246,-0.0007294041536281847,-0.003399749370774526,0.00072285431503853,0.9999939595746842
-0.05309791851930417,-0.06585904628429373,3.6788814339720606,0.9999889929815396,0.0015347162533044937,0.0044337976711508855,-0.0015320457510872882,0.9999986430174014,-0.0006056394741022486,-0.004434721139309133,0.0005988400269341039,0.999989987269392
-0.05474845231175195,-0.08852055707134468,4.903896402829944,0.9999866176486026,0.0014616532670471921,0.00496266999054015,-0.0014585009137059125,0.9999987323713844,-0.0006387728149502125,-0.004963597364089519,0.000631526207952306,0.9999874818595761
-0.057750012388056784,-0.11090800477177154,6.1229077874951585,0.9999843168763424,0.0008126863674209291,0.0055412581805967505,-0.0008089773517241004,0.9999994472853173,-0.0006715539474463403,-0.005541800880600058,0.0006670606630145474,0.999984421615193
-0.06005358007669642,-0.13200937731021636,7.342593042352206,0.999981239975658,0.0012790183931145546,0.005990309565998653,-0.0012682084947293584,0.999997561361093,-0.0018080152326174883,-0.0059926074425342216,0.0018003843527300187,0.9999804234444906
-0.07170479469120043,-0.16137365367456769,8.578131352281863,0.9999758226975657,0.0014433767334112474,0.006802255797354292,-0.0014283750742766427,0.9999965383973085,-0.002209737099253074,-0.006805421733763315,0.0021999675011411084,0.9999744228619152
-0.08005467498432788,-0.1848242365024548,9.804116023255276,0.9999765260969301,0.0010513129144492472,0.006770671774054068,-0.0010449311086699205,0.9999990065682329,-0.0009460346324611012,-0.006771659626280261,0.0009389375397725137,0.9999766312380519
-0.08833380756367373,-0.207993013823278,11.02292208322922,0.9999841628023236,0.0005379708591440751,0.0056022077693763,-0.0005360831232504357,0.9999997990301636,-0.0003384590344060857,-0.005602388724599039,0.00033545042512533055,0.9999842502327682
-0.10201054700753111,-0.2377538782518949,12.238332776664969,0.9999942245815383,-0.0006483665610777395,0.0033362290645251513,0.0006507532320936648,0.9999995331163014,-0.0007143440421618555,-0.0033357643501041308,0.000716510978372781,0.9999941796271713
-0.11222717335081765,-0.26198203289986843,13.439911863158143,0.999999393724524,-5.10567322202508e-06,0.0011011469100135533,6.447412961560781e-06,0.9999992576165446,-0.0012184928358211578,-0.001101139871314046,0.001218499196627625,0.9999986513744369
-0.13358976727482336,-0.2933024017578498,14.66227067739479,0.9999999439324153,0.0003341152682163895,-2.2408797878463592e-05,-0.00033414307755266873,0.9999991595503697,-0.0012526958762563727,2.199023422632525e-05,0.0012527032937653599,0.9999992151251362
-0.14645453582491552,-0.3155310367103658,15.883852538937205,0.9999973665009687,0.0019645929925681204,-0.001186324365771203,-0.001966527128917117,0.9999967356457619,-0.0016314008925103801,0.001183115454426752,0.0016337295352666296,0.9999979655807446
-0.1652106003704628,-0.3389130892654738,17.11263320228494,0.9999973906352073,0.0014156111346049476,-0.0017929773819865098,-0.001418610501761273,0.9999975948467199,-0.0016726760057753135,0.0017906052108227332,0.0016752151776968595,0.9999969936890253
-0.1783821343064731,-0.36251924124267393,18.328750640193068,0.9999961109731335,0.0011405696454989576,-0.0025450224935399885,-0.0011439708086077153,0.9999984540940419,-0.0013353427710422778,0.0025434955077435913,0.0013382490092981644,0.9999958698515672
-0.206381389389045,-0.38861069277712723,19.564779602161394,0.9999958847546591,0.001145888822790777,-0.0026300974417061036,-0.0011494486314401,0.9999984249209254,-0.0013523769862107899,0.0026285436254219886,0.001355394582752554,0.9999956268224055
-0.22213485409999323,-0.4135328612404176,20.791962728539964,0.9999931594794906,0.0016698291518294378,-0.00330040373745187,-0.0016775757835448028,0.9999958414629089,-0.0023458039943361824,0.0032964729207063284,0.0023513246252016454,0.999991802235794
-0.2428124157301579,-0.4368709021971352,22.00988564916686,0.9999925154180567,0.0014823483332706126,-0.003573758705772093,-0.0014944790336045616,0.9999931232718005,-0.003394103936037833,0.003568702885692323,0.003399419440045666,0.9999878540798312
-0.2630716255752005,-0.4602811456916776,23.215614445036806,0.9999868225475027,0.00293669614629707,-0.00421076561851066,-0.002949390033741508,0.9999911156633118,-0.00301159307915643,0.0042018840748614585,0.003023972584181288,0.9999865997902336
-0.28504353474418054,-0.4841198638659104,24.412345745774793,0.9999834349909715,0.00328567660951831,-0.004725893870554175,-0.003301459818912589,0.9999889862896635,-0.0033358151081612905,0.004714881411253471,0.0033513621990759446,0.9999832689923817
-0.3123432124039181,-0.508263920289265,25.638670176694916,0.9999776473334934,0.0037663194548285886,-0.0055244611625430715,-0.003789904761734662,0.9999837230120089,-0.004265012654107141,0.005508307840820869,0.0042858545013675165,0.9999756447013726
-0.33699293115850637,-0.5302130480568307,26.85548423577498,0.9999706565118925,0.004467831155524071,-0.006222909282714199,-0.0044932435629001155,0.9999815995080551,-0.004075709459341158,0.006204585196418819,0.004103550910886148,0.9999723316134623
-0.3564802370810745,-0.5565553143133052,28.07919260230067,0.9999706419329746,0.0032936785156160073,-0.006918594798894842,-0.003311313892782916,0.9999912941088659,-0.0025390759697427588,0.006910171666390768,0.0025619110664563648,0.999972842700856
-0.37700446806920196,-0.5777553133179153,29.296948020353486,0.9999640052646364,0.0031028305369660203,-0.007896873923631916,-0.003124473683244488,0.9999913927174441,-0.0027298635919337554,0.007888335648892046,0.002754438905970463,0.9999650930042538
-0.40167691839449643,-0.59915085354791,30.516702378751493,0.999959335467625,0.0028373035308019877,-0.008560205594515986,-0.0028702113586141437,0.9999885293843649,-0.003834447346529577,0.00854922791269298,0.0038588610198507537,0.9999560089792594
-0.42754809246108333,-0.6275194988017763,31.729272281965844,0.9999545987264478,0.002520572325940624,-0.009189515818532877,-0.002564513524827553,0.9999853206548855,-0.0047730226405804784,0.00917735017367994,0.004796372576877119,0.999946384089615
-0.46386054507163127,-0.6502240896466525,32.97130858555245,0.9999484199099158,0.003612606930075742,-0.00949244914825292,-0.003661022233897096,0.9999803544690912,-0.005087985070179949,0.00947388177392528,0.005122474698837523,0.9999420012266191
-0.4836830621300462,-0.6702812762925524,34.20842680776252,0.999942297731586,0.0036953664060635602,-0.010086896172835084,-0.0037456722578742786,0.9999806198116572,-0.004972920714365903,0.010068323922739725,0.005010415972722624,0.9999367602929548
-0.5224663521815586,-0.6900981999750352,35.44858750864599,0.9999377675708992,0.003607585995814857,-0.010556813373803372,-0.003661716126077948,0.9999802259829852,-0.00511267816617543,0.010538160197042845,0.005151016045564715,0.9999312047402874
-0.5516836853327765,-0.717584288366759,36.6779096061014,0.9999336549204872,0.0031895317966927398,-0.011068543005919923,-0.003252204762538502,0.9999787563909425,-0.005648887590282603,0.011050290563534468,0.005684509982664411,0.999922785731339
-0.5764303664860257,-0.734464925206979,37.92395533060118,0.9999262734070536,0.003123030522022564,-0.01173432702121181,-0.003197690492724711,0.9999747311459084,-0.006349160982527931,0.011714201884676928,0.006386215626474803,0.9999109929009581
-0.6058072575073207,-0.762001882531283,39.16486171080262,0.9999261238168481,0.0024629005057786603,-0.011902984067535354,-0.0025348453816883237,0.9999785886870421,-0.00603296994551583,0.011887870604288335,0.006062696476915014,0.9999109571576497
-0.6265188687334928,-0.7936408028702432,40.40605430330724,0.9999240966230865,0.0025838646884099804,-0.012046768686100115,-0.002644783922728136,0.9999837829300473,-0.0050437084486901745,0.012033541062650555,0.0050751867143285,0.9999147145478512
-0.6601514384186385,-0.820844950257429,41.65566160547468,0.9999238067022022,0.0033700652899476317,-0.011875329474111655,-0.003425330987692829,0.9999833845605391,-0.004636562355335964,0.011859506642435465,0.004676886014396313,0.9999187361177952
-0.6943734651747289,-0.8457144316536965,42.89998850203831,0.9999230479126128,0.004252322626120503,-0.011654012417803122,-0.004315767121908372,0.9999759754178931,-0.005424273332379961,0.011630666674803542,0.005474151926855456,0.9999173772134295
-0.7348143564065984,-0.876846822998308,44.13433692778677,0.9999228430422165,0.005864447743301631,-0.010950626239499231,-0.00592492130489578,0.9999673323916188,-0.005498132148471389,0.010918025000059398,0.005562589528029571,0.999924924345745
-0.7780249589269085,-0.8994945481663965,45.36772740873982,0.9999126336405891,0.008888837083248773,-0.0097833358957287,-0.008931015710908706,0.9999509749320731,-0.004276060192450785,0.009744847064613175,0.004363061735228878,0.999942999199447
-0.8086949485158536,-0.9279727275487383,46.59805197477272,0.9999238782786632,0.009608264550163805,-0.007740729971482252,-0.009620474421733796,0.9999525337438682,-0.0015416650479795663,0.007725549822382239,0.0016160171884784483,0.9999688516990876
-0.8377509394253732,-0.9492971249619246,47.83677191032172,0.999929209933619,0.010372191750035393,-0.005830331022291186,-0.010367684090421728,0.9999459318310538,0.0008028331882144466,0.005838342926740118,-0.0007423293254182093,0.9999826811995524
-0.8654610974250034,-0.9695146135914915,49.077623270980084,0.9999316499167199,0.010958295029843714,-0.004075691949320532,-0.01094337716129383,0.999933404122151,0.0036646714714854405,0.004115579076209533,-0.0036198191566906663,0.9999849793462615
-0.8830773412064756,-0.9884019043225635,50.311756947473896,0.9999452244392834,0.010133933310010819,-0.002617540207912047,-0.010121677178925724,0.9999379446559014,0.004653868113565923,0.002664539764650439,-0.004627119298343326,0.9999857448958183
-0.8945233583079005,-0.9950523732004068,51.55942817363618,0.9999646770366408,0.008286615844848048,-0.001405943401038233,-0.008282864654628424,0.999962176461233,0.0026532621484827703,0.0014278767874439133,-0.002641523188498393,0.9999954917514016
-0.9119403128460981,-1.011614554867407,52.77062816612371,0.9999595941025022,0.008985475944682015,-0.00026717860578044113,-0.008985288722148084,0.999959390739805,0.0006938716446216923,0.00027340252282661003,-0.0006914429312019767,0.99999972357883
-0.9348490460960046,-1.03239382132728,53.994865011021176,0.9999560880125552,0.009345524725532954,0.0006951361248731604,-0.009345555940673017,0.9999563284702705,4.1670349962370734e-05,-0.000694716335929062,-4.8164953675999176e-05,0.9999997575246471
-0.955492475762174,-1.0511677390413334,55.21029065157005,0.9999533117832028,0.009596127145950605,0.0011351641310448704,-0.009595154031075472,0.9999535959696619,-0.0008596083201393692,-0.0011433603655896006,0.0008486761118717068,0.9999989862374536
-0.9717191579381053,-1.0626708076317628,56.43323490493201,0.9999525625387619,0.009712135442332024,0.0007396602695958091,-0.009710251030549828,0.9999497041499328,-0.002510019001385223,-0.000764000712257795,0.0025027176455609135,0.9999965763477904
-0.990550478416049,-1.0851465259867668,57.68842622754066,0.9999428893445496,0.010681039217643455,-0.00036530878144186896,-0.01068189610694641,0.9999399938524421,-0.0024301831083119283,0.00033932997958356913,0.0024339465094119946,0.99999698037522
-1.0067192391279411,-1.113336335496857,58.923498109915194,0.9999422289440136,0.010638113486375068,-0.0015392582401095058,-0.010640244953735683,0.9999424342635035,-0.0013832376892629861,0.001524454592058524,0.0013995358628827472,0.9999978586664918
-1.0352247586662309,-1.133182877055717,60.14391407106463,0.999934920983359,0.011256617707134186,-0.0018553586715174188,-0.011259660767524618,0.9999352664946924,-0.0016379437078485382,0.0018368008615022083,0.0016587278213260463,0.9999969373876171
-1.0632778786285546,-1.1547257411548728,61.37766323249249,0.9999146615965965,0.012917543064062908,-0.0019510523705687038,-0.0129218172357063,0.9999141023376154,-0.0021942164181341867,0.0019225408946579921,0.0022192403093580838,0.99999568939519
-1.0950325041696516,-1.1766311957281193,62.60744957907765,0.9999028932564377,0.013841640030621168,-0.001616495799113183,-0.013845856501558451,0.9999006906083491,-0.002627009456856377,0.0015799731466401476,0.0026491361253925634,0.9999952428700092
-1.1231593259579251,-1.201437196628953,63.850031577442806,0.9999138220260168,0.01309798516802987,-0.0008895537432147702,-0.013100827447586564,0.9999088392196435,-0.0032682672190595696,0.0008466649352412019,0.003279639456507373,0.9999942635453097
-1.1580924000310886,-1.2375999304228371,65.0965895637574,0.9999227762268679,0.012426618243855388,-0.00014402005233128565,-0.012427105383849986,0.9999143297948392,-0.004110975883840126,9.292218618591708e-05,0.004112448171138802,0.9999915395319655
-1.182370096999827,-1.26825202281344,66.32894559731994,0.9999301474885529,0.011819194046563723,-8.24354986383433e-05,-0.011819385265966856,0.9999258316854986,-0.002938240970324467,4.770174435275835e-05,0.002939010063731423,0.9999956799628649
-1.200139259031492,-1.2986445031449478,67.52661852222053,0.9999323821876341,0.011628839359442034,-3.387796892616856e-05,-0.011628875370993288,0.9999314042477467,-0.0013985909824261135,1.7611655177430874e-05,0.0013988903754419218,0.9999990213972965
-1.2158292733091838,-1.3290132738124478,68.77536187688219,0.9999180419877238,0.012802322193850798,-9.926672497419032e-05,-0.012802561043067616,0.9999136110546558,-0.0029773912033200013,6.11406279447225e-05,0.002978418050561206,0.9999955626340267
-1.2409882292092724,-1.348232589024115,70.00037324468174,0.9998911086535025,0.014756130865533007,0.0001656428394489936,-0.014755243956667264,0.9998811564716896,-0.004467181283109464,-0.00023154146548285794,0.004464250745218729,0.9999900083770025
-1.2663883513213403,-1.3829040717944403,71.22845575496183,0.9998544435306307,0.01705734588951609,0.00037242886515991686,-0.017055595988951455,0.9998453717158163,-0.004282441350836348,-0.0004454183604960272,0.004275466017534234,0.9999907609537305
-1.2941638551616341,-1.4148074319429234,72.4489857332724,0.9998124736399883,0.01934334888666036,0.0009232593016337211,-0.019339459751092275,0.9998047713821268,-0.004050236791824628,-0.001001424198333897,0.004031621929558072,0.999991371549873
-1.3119341639986222,-1.439288188484603,73.67175746885856,0.9997835162028911,0.020778759003612115,0.0010788434802478182,-0.0207742035048213,0.9997758892642905,-0.004074765580710372,-0.0011632702718392585,0.004051471345976591,0.9999911161516444
-1.326486566420835,-1.4690726845834299,74.88718501024002,0.9997761132433004,0.021061633790656318,0.0020324788287214395,-0.021055143867085818,0.9997733113477306,-0.0031633579516669643,-0.0020986435755614764,0.0031198555835693226,0.9999929310731575
-1.341262700472771,-1.494716444958312,76.10173493807929,0.9997256277450828,0.023064157815346053,0.0040882580606374785,-0.023052986523931968,0.9997304377623157,-0.002758917160119986,-0.00415078812142662,0.002663913631819408,0.9999878371871018
-1.3520060984417686,-1.520724310550934,77.31465086829903,0.9997356922911298,0.021977286008186787,0.006748663489231482,-0.02194331011642605,0.9997463715556911,-0.005067909072229343,-0.006858330723353131,0.004918481568978112,0.9999643852851707
-1.3467940159993261,-1.5455970410856652,78.52951685774543,0.9997701858700475,0.019621877014420756,0.008634661997034164,-0.019533640384139427,0.9997572989328919,-0.010187253003236868,-0.008832459380897422,0.01001624544626268,0.9999108272683368
-1.3523722617801182,-1.5776119333818326,79.74038059893701,0.9997243465111629,0.020743984335329167,0.010996276948378163,-0.020625270130132815,0.9997289259854533,-0.010801517487449085,-0.011217362652997881,0.01057173882898292,0.9998811974996067
-1.354984122071611,-1.6206659086657544,80.95239160900391,0.9996967911116391,0.02027450763279768,0.01397391073898188,-0.020172109682456807,0.9997689122673815,-0.007430212288774539,-0.014121325435395215,0.0071460761222466,0.9998747530386031
-1.3526395171973573,-1.6556538602867286,82.1522229820784,0.9996345541624082,0.020809088681659173,0.01725514279176099,-0.02070324682066447,0.9997658779420076,-0.006290061520378132,-0.01738199343021003,0.0059305253634337135,0.9998313333624381
-1.3536599671072775,-1.6841540127592673,83.3327252983848,0.9995277669888794,0.021787893538623104,0.021668657396714034,-0.021610922390239828,0.9997314355612876,-0.008368081262179965,-0.02184516082956532,0.007895849904667185,0.9997301858514719
-1.3452628333200083,-1.7153023931969817,84.50568864301833,0.9994521034015116,0.021400869876878777,0.025248678674516255,-0.021115393676292882,0.9997106781608001,-0.011519553861542424,-0.025487902153595112,0.010980106547147001,0.9996148278732297
-1.3289730944578013,-1.7511159835772774,85.69450140915811,0.9993817012639097,0.020503576236099056,0.0285625373590302,-0.0200819222994399,0.9996862291931748,-0.014971959066576812,-0.028860553972763155,0.014389111267290325,0.9994798756860126
-1.3217982754683444,-1.7911690321104952,86.88822411823352,0.9992703029534407,0.020269314027761522,0.032373083637256904,-0.01975933509960298,0.9996767930219549,-0.015996192351999245,-0.032686852276755406,0.015344849369887836,0.9993478399866872
-1.3061710314031232,-1.8352306052983756,88.0817640806789,0.9991378674022864,0.02021883635557328,0.03625907581888479,-0.01970558437514627,0.9997012963774915,-0.01445710778813257,-0.03654055099813177,0.013730137566325974,0.9992378452876807
-1.2772488286655592,-1.8764215133861235,89.24501176085683,0.9989581265031193,0.021835653755651944,0.0400732544029395,-0.021285093949232902,0.9996738097540873,-0.014114491394385805,-0.04036838204525597,0.013246822895062044,0.9990970500478116
-1.2528537079588673,-1.9138976469146298,90.41961941545668,0.9987873339890353,0.021891784386939627,0.044097746421249244,-0.021186515937877248,0.9996410586475706,-0.016397725707538193,-0.044440893392135056,0.015443563135537354,0.9988926385514069
-1.2179731566812722,-1.9474543888425866,91.58737499297101,0.9986163124159356,0.022300333010798652,0.04762515852369665,-0.021414633264148924,0.9995896031584866,-0.01902731561788956,-0.048029928783642185,0.017981112453579175,0.9986840368885316
-1.174373163189682,-1.9895064650939245,92.75884542841884,0.9984602155208603,0.022704024666473376,0.050613489170204154,-0.021740939323731737,0.9995734825659102,-0.01949832065541616,-0.051034591987788036,0.018367912646889976,0.9985279616543745
-1.1294308343880568,-2.02949432082297,93.9328658528239,0.998333471616221,0.021671783431853213,0.053484701117118505,-0.02070402342378427,0.9996129434722981,-0.018582428708774686,-0.05386671388503309,0.01744411205914915,0.9983957532410179
-1.0849634642973711,-2.070561553185877,95.13036955026378,0.9981918000488673,0.021264070597311897,0.05622250098345786,-0.020310720931407334,0.9996409995090266,-0.017474172822814934,-0.05657388912253476,0.016300656496829973,0.9982653373063332
-1.012352357997292,-2.1118521539966744,96.35462654170878,0.9980768296274654,0.020583774477287483,0.058471791395989306,-0.019677243660309974,0.9996777506768898,-0.016037483703129244,-0.05878306084851904,0.014856077203067806,0.9981602319905454
-0.9365027455541439,-2.146907857642125,97.57474146217547,0.9979704049484553,0.019590462587456715,0.060591126599741627,-0.018688241115084513,0.9997064220139037,-0.015421395143896812,-0.06087545064343182,0.014257754373294408,0.9980435340951783
-0.8770230960409587,-2.176770824318036,98.77789606225974,0.9978401932646677,0.01893086808249141,0.06290127931270323,-0.017826928987272526,0.999677867127868,-0.018065507951905962,-0.06322301249081796,0.016905153306638224,0.9978562353782574
-0.8021920925115239,-2.211890951527637,99.99064102875339,0.9977467926413471,0.017549790428953646,0.06475602388816935,-0.016160937033093067,0.9996293336095792,-0.021909347354087817,-0.0651165254610359,0.020813463026836274,0.997660582497232
-0.7155045152855848,-2.2523728532981933,101.21160414215268,0.9976173753236262,0.018682394935670758,0.06641190083010126,-0.017061338593695408,0.9995445185910798,-0.024893093016307533,-0.06684671403884296,0.023700706191902468,0.9974817258216901
-0.6524038879784213,-2.3014227781939405,102.42238592691282,0.9975076668380988,0.018744206401677378,0.0680228588460082,-0.01701520552144447,0.9995194887985499,-0.025908961633943375,-0.06847581602489763,0.02468696494625177,0.9973472897549128
-0.5807208873395814,-2.3544109725664915,103.65555415099645,0.9974843538508119,0.019052994922143632,0.06827845346318946,-0.017348670279967355,0.9995250881896188,-0.02546805291050617,-0.06873126990202583,0.02421944392491571,0.9973411808772491
-0.49837716542808325,-2.4061061218442763,104.89834672069507,0.9975331686492822,0.019593145808172067,0.06740686969339198,-0.01801974336993736,0.9995526252181665,-0.023871285435733535,-0.06784442713593944,0.02259774450719315,0.9974399609248604
-0.4180517274858114,-2.453815354838585,106.15247309976118,0.9976429747967306,0.019072967787354986,0.06591446532068401,-0.01761006854684225,0.9995871183522982,-0.02270414741683014,-0.06632028591995541,0.02148987491662436,0.9975669425916068
-0.34747362391732406,-2.501342482906777,107.41300250166948,0.9977651807312591,0.019637268282237143,0.0638672201894546,-0.01826502539621038,0.9995911267083016,-0.021999278472365963,-0.06427311232228142,0.020783577662191924,0.9977158964013603
-0.2616338353518577,-2.5398729889786966,108.6716902947885,0.9979238009503841,0.020239706946336908,0.06114279809972389,-0.01893323433448976,0.9995814880048719,-0.021871933513125837,-0.061559890629958695,0.020668892101264328,0.9978893609839402
-0.19615714708929094,-2.582669198756523,109.92883635777412,0.9980868241317217,0.02123240023843059,0.0580678626674687,-0.01997448802737435,0.9995549189190284,-0.022158156349751563,-0.0585124886045464,0.02095588807211128,0.9980667008934898
-0.11979044944187626,-2.6166656342970396,111.17779865644968,0.9982573475792238,0.023294886166910993,0.0542182283237172,-0.022082908774144476,0.9994950633733122,-0.022846519044546175,-0.0547230586148551,0.0216094093128587,0.9982677097276998
-0.06683124491134222,-2.6606905224355555,112.42436759512493,0.9984429403207761,0.023775288616268174,0.0504621697394791,-0.022658671343583587,0.9994881024680443,-0.022585783975170477,-0.05097332181196649,0.021407210842208292,0.998470556294683
-0.012635040865792431,-2.7058903336708107,113.66868331358062,0.9986143592798521,0.02462143344636551,0.04650963830365171,-0.02362457778774882,0.9994818137212769,-0.021862830667110453,-0.0470238318774736,0.020733766070695926,0.9986785619908376
0.04739126732147206,-2.7501024994015473,114.9348444248593,0.9987939054469996,0.025211786964518437,0.04213193847884645,-0.024335297580213144,0.9994792851478145,-0.021188483949962554,-0.04264419929617652,0.020137635374370418,0.998887354964472
0.0772095835052308,-2.796797464185716,116.16961140424074,0.9989497969196766,0.02560009814472826,0.037999186953370595,-0.02482643914113904,0.9994775654443985,-0.020694059362797536,-0.03850910481572165,0.019728941895599917,0.9990634703050522
0.10137065951498211,-2.838209203835643,117.4146074202599,0.9990698636560775,0.026783828055474267,0.03379399486479101,-0.026089089824639894,0.9994424913702308,-0.02083424670560274,-0.034333175302447505,0.019933213447982844,0.9992116392813339
0.12602604494617875,-2.8871850617558876,118.66573026224636,0.9991877875662947,0.027967096346930145,0.02901045846405778,-0.027366822050424424,0.9994072320355479,-0.020886397628757346,-0.029577393888469767,0.02007550938252104,0.9993608716043475
0.15657876656836908,-2.9337829586028445,119.92590738999941,0.999308494991371,0.028578487163593878,0.023786590960483904,-0.02807335733550642,0.9993787845272156,-0.021305671658502463,-0.024380698226138506,0.020623169212011384,0.9994900031744497
0.15498767334294078,-2.9809899598774683,121.17729256305834,0.9993606165790192,0.029967902283183297,0.01950084263688163,-0.029537252868689957,0.9993213435334889,-0.02200915835272158,-0.020147176570772956,0.021419084741643158,0.9995675635418845
0.16873087153204502,-3.030301327100038,122.43698711697473,0.9993549368051137,0.03221174362095103,0.015878093592924865,-0.0318563434352082,0.9992469998605681,-0.022149642267842384,-0.016579615984262785,0.02162953634624302,0.9996285707657939
0.17166360735607364,-3.074097837992864,123.69428439125018,0.999305554820266,0.03456018083882859,0.01392846027914753,-0.03424470548231304,0.9991649868616692,-0.022285178396229982,-0.014687009627216762,0.021792726541431783,0.9996546247670259
0.17189279061551244,-3.1174381032828973,124.97904644553988,0.9992616604682081,0.03621714429482095,0.012823898683622508,-0.035918335525108556,0.9990943507947311,-0.022811211786364024,-0.013638441678777476,0.022333756271275804,0.9996575394800927
0.17394438632259196,-3.1679291215207828,126.25247002176955,0.9991762231347913,0.03882290887158331,0.011817650732810787,-0.03854697761018979,0.9989979166159089,-0.02274407866226002,-0.012688799754645262,0.022269807898234975,0.9996714710428448
0.16696687260901352,-3.2141654316518413,127.52758658872392,0.9991203860529541,0.04042755194071657,0.01113854647055015,-0.040172846583788446,0.9989458013623013,-0.022213246903307487,-0.012024831422990137,0.02174624070299449,0.9996912045449531
0.16813867199217128,-3.2587764085830195,128.82242917175563,0.9991145344629443,0.04074155223125498,0.0105010926422934,-0.04050124834222525,0.9989336835597299,-0.022161785408961653,-0.011392800692344962,0.021716854550772248,0.9996992459339
0.15605074833588684,-3.306984591878388,130.10487219903925,0.9989444272505539,0.04489447671546726,0.009721996991732448,-0.04468901092438095,0.9987924344410042,-0.02040992910363075,-0.010626550129907594,0.01995391850888061,0.9997444261252376
0.15067645699868676,-3.3588345464233935,131.3902445314517,0.9988915017236384,0.04617661399279524,0.009137182522794536,-0.046012504418877366,0.9987889227629528,-0.017422319108706272,-0.009930620393372227,0.01698258184679798,0.9998064686190136
0.13657668689476016,-3.395611507939905,132.67543525879913,0.9989238972212703,0.0455427296222841,0.008769682937280839,-0.045378259217254524,0.9988055341058304,-0.0181195648397268,-0.009584422292478455,0.017702113380072434,0.99979736648543
0.12317446871939117,-3.4397948025427634,133.98710267389657,0.9989185512403839,0.04576733343149279,0.008190187933302857,-0.04559829099553417,0.9987644782414644,-0.01975633724515463,-0.009084263651988535,0.019361513206055548,0.9997712778232207
0.1199171643030945,-3.4843758500811597,135.27363387298865,0.9990449169175231,0.043070894830174615,0.0073588042362170095,-0.04292349041036633,0.9988951018297276,-0.01913503361825173,-0.008174836527424366,0.018800892508295367,0.9997898271580103
0.11218232303977844,-3.535220821697452,136.58493879047336,0.999131274288075,0.0411753045685988,0.006425809923259572,-0.041058316970843306,0.999005507784544,-0.017384188898813522,-0.007135218777899393,0.017105253866312644,0.9998282347199259
0.09713792075851545,-3.5808896036538473,137.91740627925873,0.9992738781118122,0.037572922788321896,0.006323922558138049,-0.037469410604917264,0.9991734908779548,-0.015760025243753924,-0.006910845990082044,0.015511627893501523,0.9998558044077144
0.0957616948747952,-3.6246680865347987,139.19997454251154,0.9993297642463406,0.03613325719387983,0.005866005106846563,-0.03604124962844671,0.9992362432334273,-0.015098295730608058,-0.006407075508576599,0.014876758158612544,0.9998688071192742
0.08590740911918797,-3.6631682554112235,140.47882503794784,0.9994523573263122,0.03246138881748756,0.006422123551977641,-0.03234806182775957,0.9993316282764436,-0.01702643892131535,-0.006970533040192156,0.016809371267056276,0.9998344146441173
0.0785788714466575,-3.69993631863005,141.77924038607708,0.9995070888717622,0.030657213852149052,0.006761252392749812,-0.030528720193326166,0.9993653892519979,-0.018352547740362088,-0.007319599610119335,0.01813708918289468,0.9998087164340598
0.06391828256874782,-3.747526819936016,143.06773207573193,0.9995287495184485,0.0297547252338596,0.007545542548002279,-0.029609249712533696,0.9993864372837129,-0.01870939081931693,-0.00809760566754218,0.018477156156363538,0.9997964910334649
0.059734364304238764,-3.7967186444960643,144.37544131270633,0.9995174914611202,0.030028979748709002,0.007940065397756896,-0.029878735600042217,0.9993840077124375,-0.018408321150271013,-0.008487957481738194,0.01816219986346303,0.9997990243413478
0.04749488651573647,-3.845318836070807,145.6646899374594,0.9994926798682552,0.03062420303621404,0.008748775809790181,-0.0304757717703758,0.9993972641923352,-0.016623346831429003,-0.00925257935784334,0.016348287778075187,0.9998235460629817
0.04040489633450083,-3.8899229175264547,146.97487012396908,0.9994088159349525,0.0330697732583526,0.009402591564930698,-0.03292306991589647,0.9993399891318878,-0.015351142927930226,-0.009904044568192483,0.01503250539736822,0.9998379537118366
0.03222549313896364,-3.932622549628881,148.27302679122135,0.9993870636353472,0.033470042946490135,0.010259301315281332,-0.033288354039657256,0.9992943757996722,-0.017396435855546,-0.010834321559195654,0.017044257693012266,0.9997960345770778
0.013875073874160152,-3.9801932988189623,149.58547002253013,0.999342253742733,0.034544234004377145,0.011034300224539832,-0.03432595375699804,0.9992224975733114,-0.019394051717687502,-0.011695673690167113,0.019002532473508634,0.9997510264943616
0.006364896174746438,-4.031702893964758,150.8792705113953,0.999339216920997,0.034473412905330146,0.011520127012592358,-0.034216043538021386,0.9991758590165292,-0.021837241657019432,-0.01226343705214228,0.021428638809814052,0.9996951643128169
-0.0019637682025414934,-4.083221467725888,152.18257627483476,0.9993715370859856,0.03338611232504755,0.011912110065505225,-0.03306760817109352,0.9991148338479287,-0.026001578314999853,-0.012769657483128454,0.025591332299186056,0.9995909261087355
-0.00836836144405791,-4.138935477048017,153.4888810213801,0.9993543174237995,0.033794570219598995,0.012201445409579797,-0.03342083410245571,0.9990019193653157,-0.029634657958439354,-0.013190757912511458,0.029207740893300287,0.999486323957265
-0.019826955374081245,-4.198098349633275,154.80769582787255,0.9993536319509223,0.03367727853188098,0.012576136814813172,-0.033277984344903186,0.9989741080099303,-0.030713307925183935,-0.013597575682420513,0.03027494734021701,0.9994491150124207
-0.023154695039177244,-4.258440809775924,156.1047311373418,0.9993441483319667,0.033981262135157266,0.012511875093538098,-0.033584109332767974,0.9989645691384317,-0.030690343862439497,-0.013541816531737668,0.030250015368125594,0.9994506269822696
-0.031337447347881894,-4.3209787645454405,157.39893767408776,0.9993156200411704,0.03478303945455424,0.012586965799284896,-0.0343893271728269,0.9989506256638657,-0.030249324990386996,-0.013625920825019426,0.02979576567361078,0.9994631291996701
-0.033603904438943386,-4.386347293634705,158.70843790657457,0.9992788847086892,0.035887792351236965,0.012400682864709366,-0.035511557581954595,0.9989386773116391,-0.029333398183286646,-0.013440232641591651,0.028871877857705005,0.9994927587609189
-0.03281454102425333,-4.451983938058156,160.02160191994784,0.9992616045836877,0.036495027425404,0.01201493146259596,-0.03613511734565904,0.9989283447253056,-0.028920847131075535,-0.013057522707133286,0.028465331151817277,0.9995094927128871
-0.033547064391608004,-4.516837034864345,161.29748687419675,0.9992475331318629,0.037074217988878715,0.01139604713917043,-0.036727925600471965,0.9988978277146892,-0.02922651652120075,-0.012467036976413902,0.02878597136438073,0.9995078493146716
-0.050896249142575345,-4.588784661014471,162.62894159364896,0.9992204618920942,0.037907177407052565,0.011023358706802594,-0.037575783345195665,0.9988769974597003,-0.02885835151029245,-0.01210491809734779,0.02842164398705578,0.9995227266605459
-0.047423533335105655,-4.649706995283656,163.9192866963951,0.9992474336284829,0.037402641474068944,0.010276614114173624,-0.03710532951890471,0.9989262609898509,-0.027740216764341356,-0.011303137094756433,0.027338023257021005,0.999562340014978
-0.06011194411292651,-4.707225099656626,165.2078326508463,0.9992104694895084,0.03845798114289156,0.009971025472210543,-0.0381702084019551,0.9988899678458181,-0.02760194427091767,-0.011021472365604149,0.027199555573511527,0.9995692628945234
-0.07230143993634243,-4.763734290664137,166.50124469296912,0.9991673754772079,0.039592355036179055,0.009848918959768735,-0.03929447162448341,0.9988127097830305,-0.028794361872336298,-0.0109772620329297,0.02838337891392688,0.9995368344987052
-0.07142502658353764,-4.82534600486831,167.78052624686907,0.9991510382106916,0.04020732688193126,0.008976285841336942,-0.03992138018543248,0.998751225113414,-0.030037871737980244,-0.010172819008809815,0.029654025012917525,0.9995084554689622
-0.08068792740671063,-4.881339455703239,169.07532569183653,0.9991066150728984,0.041388383653601715,0.008542447899545284,-0.041111453177130504,0.9986925105167326,-0.030382854629756883,-0.009788775982663095,0.03000451859854818,0.9995018302776809
-0.08769894766538253,-4.942821891656644,170.37487916370884,0.9991245760457741,0.04108819333414994,0.007863962734324884,-0.04082247859930641,0.9986729184321189,-0.03139947820085454,-0.00914367444523762,0.031050963895059663,0.9994759781299551
-0.0960315251524391,-5.004199176377773,171.67737008501996,0.9991009317545679,0.04176187713663756,0.00729888931125891,-0.04150410383019871,0.9986103298797714,-0.03247796826571993,-0.008645087183232623,0.03214583449595652,0.9994458003274396
-0.11494939844697782,-5.070824385386208,172.9713535229075,0.9990840229327191,0.04219143706393043,0.0071412715291935425,-0.04194092027262582,0.9986012238254048,-0.03219557393636774,-0.008489660020195378,0.03186657202912308,0.9994560757031083
-0.14163691000126447,-5.1391915334618075,174.27939367549803,0.9990613163825952,0.042731388208131146,0.007107360247057801,-0.04249309010805028,0.9986204675327441,-0.03084637932975682,-0.00841566402279539,0.03051541063941519,0.9994988675894368
-0.15279879641674635,-5.204794766112575,175.58639594133874,0.9990575444613053,0.042900493075624116,0.0066007991042607884,-0.042680191184813386,0.9986226133822934,-0.03051683669630711,-0.007900894593288068,0.0302063525667969,0.9995124572156366
-0.16803908052097938,-5.270547166209678,176.88063466088903,0.9990547761671666,0.04305550527434645,0.005981444904271109,-0.04285512448920233,0.9986204398894201,-0.030342302814367936,-0.00727959632033717,0.03005728698060695,0.9995216690881604
-0.1846888555755985,-5.334015693360232,178.17190385917658,0.9990419718037574,0.04340950051365771,0.005545614448819002,-0.043223934610242584,0.9986127787032427,-0.03007007960416146,-0.0068432485903743385,0.029801568343728123,0.999532408915783
-0.199706986114405,-5.397376001409633,179.4853104942008,0.9990253557651194,0.04383013726641973,0.005220881686354377,-0.043647279773032566,0.9985626455392835,-0.031105592776935146,-0.00657673982993983,0.030847398606636444,0.9995024684774
-0.2257529187948152,-5.457020725893441,180.77765555035882,0.9989591938022396,0.04530119925258518,0.00532263696456248,-0.045108755709811356,0.9984706963836972,-0.03196042273453085,-0.006762342515097917,0.03168706059789934,0.999474962625066
-0.24818348039951116,-5.52388533087247,182.05980294318513,0.9989486452500935,0.04549712604775744,0.005622781731203034,-0.04529779351036888,0.9984743700993645,-0.03157597437565251,-0.007050819533518764,0.03128807721919592,0.9994855387487279
-0.2753686788665971,-5.593555096476021,183.34547551407982,0.9989561498578948,0.04529826103834033,0.0058888205944302085,-0.045083474894179826,0.9984524396424498,-0.03256080563359319,-0.007354655162334494,0.032261328536580265,0.9994524079357163
-0.28231685469872636,-5.658665898699535,184.6364108326017,0.9989932172986097,0.04450159169562524,0.0056709900306939716,-0.0442822301313053,0.9984321409159967,-0.0342395105178172,-0.007185811434380768,0.03395391468531235,0.9993975664326863
-0.2929368912586571,-5.7241673518326,185.924873602151,0.9991150572004789,0.04166380012772382,0.005764567130368654,-0.04144232769224514,0.9985515361149792,-0.03431272647089484,-0.007185815940587903,0.0340434645906519,0.9993945199809413
-0.3178191934174998,-5.79092244002394,187.21517191519612,0.9990767153921281,0.042458421854884014,0.006557375608343375,-0.042236003532384644,0.9986273110297398,-0.030977631786924364,-0.007863635729646212,0.030672073276950113,0.9994985678599084
-0.3217148990521821,-5.857989925077002,188.5038195550491,0.9991034739789093,0.04176882215238481,0.006900273855207066,-0.041568293266410074,0.9987702926578219,-0.027018132783908327,-0.008020304120924629,0.026707077717594577,0.9996111277499854
-0.32744571093029906,-5.911958607910469,189.79872243270773,0.999048716129425,0.043076458176069435,0.006788339351595261,-0.04287123455828364,0.9986901864419343,-0.02792792065345509,-0.007982483798648684,0.027610328784395392,0.9995868895182776
-0.33850537172707945,-5.9611533458382775,191.06032802028602,0.9989736416361571,0.044739853830981544,0.007071689711538857,-0.04449704546684172,0.9985158142052938,-0.031403530480881126,-0.008466183373615571,0.03105662990609625,0.9994817704580525
-0.34777784258619376,-6.017545771807424,192.32707215847657,0.9989438717143856,0.045452239037190194,0.00672570671216238,-0.045202074825744426,0.9984135800824363,-0.03357224357147807,-0.008240970556899891,0.033232771077371645,0.9994136627697272
-0.3655352083204788,-6.082367911667314,193.585373866383,0.9989229804785056,0.04588552854055717,0.006884572789333672,-0.04562980530026397,0.9983939222391257,-0.033578220683004055,-0.008414270033574499,0.03322791456787874,0.9994123802281392
-0.3721587617251283,-6.144795213789028,194.8502257787841,0.9988968171975371,0.04641145515700514,0.007150204391380639,-0.046153942570193916,0.9983978030024894,-0.032735921325534136,-0.008658070099996206,0.032369797497260204,0.9994384593521166
-0.38789312449002983,-6.21251027190489,196.11657745291922,0.9988774914581118,0.046704453867796265,0.007902597500820173,-0.04643972667505541,0.998443224930442,-0.030894633463541533,-0.009333211917406341,0.03049295950561923,0.9994914059539962
-0.40818580967259926,-6.273951122195606,197.38817177435513,0.9988661676709718,0.04667854172489504,0.009353759925434838,-0.04637489152366596,0.9984612554172676,-0.030405441400238056,-0.010758648543086011,0.029937187125919723,0.9994938800755694
-0.42814140055611144,-6.341284051214373,198.6412502916735,0.9988355577805147,0.04688577510742666,0.011368931606058364,-0.04651290681374146,0.9984334260435658,-0.031100534700300768,-0.012809294009570609,0.030535517868282867,0.9994516016973982
-0.43101173086433425,-6.405015867530949,199.90076539383102,0.9988528846676855,0.04608032908363275,0.013019910237263566,-0.045633908869787784,0.998422112204721,-0.0327235728784058,-0.014507279286833489,0.03209188576896887,0.9993796324297829
-0.4336243257891275,-6.4683521524490555,201.15561674219282,0.9988408777886735,0.04598165151613285,0.014233361591699674,-0.04547131403346137,0.9983761952023386,-0.034312278463740215,-0.015787984621904182,0.03362529668496379,0.9993098012950885
-0.43373792946314094,-6.532987881108325,202.40118643832525,0.9988387067230543,0.045555621454746224,0.01568194202536727,-0.04498407462975819,0.9983726429139418,-0.03504994879791074,-0.017253144105334732,0.0343038078776059,0.9992625169511661
-0.4474146647772115,-6.599083449853932,203.63725641099012,0.9987718515992287,0.04637486512376708,0.017440193169794886,-0.045752672412135105,0.9983559688630885,-0.034526111895091235,-0.019012664731572676,0.03368577326108055,0.9992516135886949
-0.45851208477197697,-6.669133248839048,204.88527650361448,0.9987228099894842,0.04667805474776051,0.019336701157969798,-0.046027804627870844,0.9984012415798524,-0.032808566151972404,-0.02083722649121265,0.0318766374759773,0.9992745818719606
